------------------------------
Name: affinity.xlsx !!!

Rand Index (0-1): 0.7343544033645094
Adj. Rand Index: 0.12612761566159925
Homogeneity Score: 0.35382463172812567
Completness Score: 0.2285286291203979
V-Measure (0-1): 0.2776976226424549
Contigency Matrix: 
[[ 7  2  6  0 10  8 11  2  3  5 14]
 [ 0  3  2  0 16  2  1  2  4  2  6]
 [ 0  1  0  0  1  2  0  6  0  3  0]
 [ 0  0  0  0  0  2  0  3  3  1  0]
 [ 1  0  0  0  0  0  0  0  0  0  0]
 [ 4  8  1 21  2  0  1  3  4  1  0]
 [ 0  0  0  0  1  3  0  0  0  0  1]]
Purity: 
0.5921787709497207
------------------------------
Name: agglomerative_12.xlsx !!!

Rand Index (0-1): 0.7312786391312536
Adj. Rand Index: 0.10822502450626674
Homogeneity Score: 0.31757747198660796
Completness Score: 0.1993612501955024
V-Measure (0-1): 0.2449522124476221
Contigency Matrix: 
[[ 3 16 10  0  3  7  7  2  8  4  5  3]
 [ 3  6  3  0  3  3  7  1  1  2  0  9]
 [ 2  1  0  0  4  0  1  0  0  5  0  0]
 [ 0  2  3  0  3  0  0  0  1  0  0  0]
 [ 0  0  0  0  0  0  0  0  0  0  1  0]
 [ 7  3  1 22  1  2  2  3  1  0  3  0]
 [ 0  1  1  0  1  0  0  0  1  0  0  1]]
Purity: 
0.5754189944134078
------------------------------
Name: agglomerative_7.xlsx !!!

Rand Index (0-1): 0.7190383528968678
Adj. Rand Index: 0.14616468966751972
Homogeneity Score: 0.28777773241162835
Completness Score: 0.22758356429859308
V-Measure (0-1): 0.25416531076772325
Contigency Matrix: 
[[16  2  3 12 15 17  3]
 [18  1  4  2  6  2  5]
 [ 1  0  3  4  0  0  5]
 [ 0  0  0  1  0  1  7]
 [ 0  0  0  0  0  1  0]
 [ 5 24  9  0  1  4  2]
 [ 1  0  0  1  1  0  2]]
Purity: 
0.5698324022346368
------------------------------
Name: agglomerative_9.xlsx !!!

Rand Index (0-1): 0.7339150084740443
Adj. Rand Index: 0.1575630516533544
Homogeneity Score: 0.32558247702063153
Completness Score: 0.23147056504529492
V-Measure (0-1): 0.2705766030657212
Contigency Matrix: 
[[ 2  2 10 15 18 10  6  4  1]
 [ 2  1 18  6  2  3  1  2  3]
 [ 6  0  1  1  0  0  0  5  0]
 [ 3  0  0  1  0  3  2  0  0]
 [ 0  0  0  0  0  0  1  0  0]
 [ 6 24  3  1  2  0  4  0  5]
 [ 0  0  1  1  0  1  2  0  0]]
Purity: 
0.5977653631284916
------------------------------
Name: kmeans_11.xlsx !!!

Rand Index (0-1): 0.7356098173372669
Adj. Rand Index: 0.11930008494446061
Homogeneity Score: 0.34365635509115805
Completness Score: 0.21855771036824817
V-Measure (0-1): 0.2671891392857523
Contigency Matrix: 
[[ 3  5 12  3  0 14  1 13  6  4  7]
 [ 5  1  1 12  0  2  3  4  1  3  6]
 [ 0  0  0  1  0  2  6  1  0  3  0]
 [ 0  2  0  0  0  1  3  1  0  2  0]
 [ 0  1  0  0  0  0  0  0  0  0  0]
 [ 9  3  1  0 19  0  3  0  2  5  3]
 [ 1  2  0  1  0  1  0  0  0  0  0]]
Purity: 
0.6033519553072626
------------------------------
Name: kmeans_7.xlsx !!!

Rand Index (0-1): 0.7054171112924487
Adj. Rand Index: 0.1036900428592256
Homogeneity Score: 0.22742013563239458
Completness Score: 0.18000315377228676
V-Measure (0-1): 0.20095238887775702
Contigency Matrix: 
[[16 14  2  5 10 13  8]
 [ 1  5  1  3 16  7  5]
 [ 0  9  0  3  1  0  0]
 [ 3  4  0  1  0  0  1]
 [ 1  0  0  0  0  0  0]
 [ 5  2 23  4  2  6  3]
 [ 1  2  0  0  1  1  0]]
Purity: 
0.5307262569832403
------------------------------
Name: spectral_4.xlsx

Rand Index (0-1): 0.6778607745904212
Adj. Rand Index: 0.1519810320980551
Homogeneity Score: 0.1909811385092105
Completness Score: 0.21065347740988838
V-Measure (0-1): 0.200335525634914
Contigency Matrix: 
[[30 21  4 13]
 [ 8  9  4 17]
 [ 1 10  1  1]
 [ 3  6  0  0]
 [ 1  0  0  0]
 [ 7  4 31  3]
 [ 2  2  0  1]]
Purity: 
0.553072625698324
------------------------------
Name: spectral_8.xlsx !!!

Rand Index (0-1): 0.71690414914318
Adj. Rand Index: 0.11270267978602455
Homogeneity Score: 0.2763254907543796
Completness Score: 0.20416051426975457
V-Measure (0-1): 0.2348237147736397
Contigency Matrix: 
[[13 11  0  4 16  4  8 12]
 [ 7 16  1  3  2  6  0  3]
 [ 0  1  0  3  0  6  0  3]
 [ 0  0  0  2  0  6  0  1]
 [ 0  0  0  0  0  0  1  0]
 [ 6  2 21  5  2  4  4  1]
 [ 1  1  0  0  0  1  0  2]]
Purity: 
0.5418994413407822
------------------------------
Name: spectral_9.xlsx

Rand Index (0-1): 0.6661854246437763
Adj. Rand Index: 0.053944881096136335
Homogeneity Score: 0.26940279528445243
Completness Score: 0.21103562614942478
V-Measure (0-1): 0.23667377567172565
Contigency Matrix: 
[[24  2 10  0  4  6  2 11  5  4]
 [16  0 15  0  1  0  2  3  0  1]
 [ 3  2  1  0  2  0  5  0  0  0]
 [ 5  0  0  0  0  0  3  0  0  1]
 [ 0  0  0  0  0  0  0  0  0  1]
 [16  3  2 18  0  0  3  0  1  2]
 [ 4  0  1  0  0  0  0  0  0  0]]
Purity: 
0.5307262569832403
